1634
-84.4954848 33.9406325
-84.4954924 33.9378427
-84.4955644 33.9360452
-84.5512469 33.9444213
-84.4986559 33.9320707
-84.502712 33.9322687
-84.5023982 33.9321805
-84.4976253 33.9314936
-84.4973268 33.9316532
-84.5016575 33.9424004
-84.5006905 33.9392061
-84.4966298 33.9362444
-84.5492129 33.9254499
-84.5486529 33.9254096
-84.5480578 33.925866
-84.547671 33.926606
-84.4924397 33.9619778
-84.4932903 33.960911
-84.4929522 33.9597174
-84.4928202 33.9596145
-84.50381 33.94093
-84.504534 33.9413865
-84.5041483 33.9413646
-84.5447863 33.9505785
-84.5444024 33.9507405
-84.5065502 33.9304129
-84.5062043 33.9304004
-84.5094451 33.9493025
-84.551513 33.9374818
-84.5516143 33.9373015
-84.550102 33.932695
-84.550469 33.932651
-84.5055359 33.922929
-84.4985018 33.914925
-84.4900511 33.9278897
-84.490033 33.928133
-84.4986529 33.9234913
-84.5002119 33.9240406
-84.493148 33.962469
-84.4939493 33.9616881
-84.4946661 33.9609682
-84.4948191 33.9608223
-84.5074357 33.9434179
-84.548812 33.9259064
-84.5486184 33.9258956
-84.5473501 33.9258649
-84.4992999 33.9237287
-84.502946 33.9197212
-84.5023382 33.9201686
-84.4997157 33.922633
-84.5501455 33.9222964
-84.4902087 33.9272152
-84.5041259 33.9227709
-84.502286 33.9190138
-84.5031124 33.9337523
-84.4889708 33.9203518
-84.5032888 33.9196986
-84.543363 33.923413
-84.543356 33.924016
-84.4882588 33.9281242
-84.518773 33.9618861
-84.5187277 33.9617815
-84.5164543 33.9567514
-84.488753 33.92141
-84.4890827 33.9222271
-84.4905136 33.9221657
-84.497783 33.918217
-84.4958472 33.9175946
-84.4953047 33.917108
-84.4873045 33.9258315
-84.487586 33.922713
-84.5319029 33.9130512
-84.545399 33.923397
-84.54418 33.922516
-84.542774 33.9226746
-84.5435757 33.9247756
-84.543682 33.924234
-84.538297 33.923828
-84.5355536 33.9227794
-84.5357923 33.9211046
-84.5321611 33.9219993
-84.5320456 33.9258118
-84.548339 33.923414
-84.54765 33.923398
-84.5351739 33.9377575
-84.5055368 33.922268
-84.5059789 33.9221868
-84.5059072 33.9235633
-84.5430571 33.9122269
-84.49359 33.9185886
-84.536044 33.931362
-84.523065 33.9647612
-84.5208948 33.9614462
-84.5207529 33.9613575
-84.5171904 33.9580643
-84.4910442 33.9203248
-84.5417093 33.9266244
-84.544443 33.926668
-84.5451549 33.924839
-84.5261904 33.9617363
-84.5259247 33.9608735
-84.525783 33.9604264
-84.525742 33.9603028
-84.5039683 33.9412611
-84.5327648 33.9349597
-84.5327067 33.9359818
-84.5258828 33.9113879
-84.508057 33.9209833
-84.5041259 33.9210369
-84.5232834 33.9308634
-84.5232762 33.9304152
-84.5219027 33.9286589
-84.5183571 33.9209337
-84.5192112 33.9207671
-84.5099133 33.9363701
-84.548219 33.923873
-84.548222 33.923412
-84.546031 33.924226
-84.546303 33.9238
-84.545568 33.92413
-84.54569 33.923576
-84.545762 33.9234
-84.545953 33.923398
-84.547877 33.923409
-84.548526 33.923858
-84.5014009 33.9180491
-84.488941 33.926847
-84.4896742 33.9272385
-84.4905357 33.927301
-84.4915916 33.9274752
-84.4921994 33.9272269
-84.4921463 33.9268062
-84.4915917 33.9269752
-84.5010181 33.9269313
-84.5274479 33.9132527
-84.527545 33.9129471
-84.5297169 33.929935
-84.525668 33.930745
-84.526884 33.933417
-84.5272684 33.9331246
-84.526956 33.93377
-84.527007 33.934115
-84.4945167 33.9606044
-84.54691 33.92674
-84.5474269 33.9255286
-84.5487293 33.9278747
-84.5487438 33.9274102
-84.5427757 33.9224261
-84.5413454 33.9212727
-84.5361643 33.9200241
-84.537535 33.9320413
-84.499781 33.925127
-84.499968 33.924621
-84.5000425 33.9239779
-84.49426 33.9621593
-84.4973095 33.960366
-84.4976212 33.9599087
-84.5134468 33.9375706
-84.527564 33.934323
-84.5370178 33.9628953
-84.5348875 33.9629299
-84.5100575 33.9398501
-84.54722 33.927278
-84.5045815 33.9283717
-84.5047024 33.9283716
-84.5428473 33.9252809
-84.5148707 33.9508263
-84.5265724 33.9459576
-84.5266783 33.9458196
-84.4996411 33.9644238
-84.4967759 33.9608687
-84.4961675 33.9598474
-84.4964117 33.9573823
-84.492546 33.926901
-84.501436 33.928415
-84.501432 33.92791
-84.54492 33.923969
-84.544958 33.923572
-84.5010031 33.927931
-84.502137 33.927951
-84.501588 33.929732
-84.502048 33.929773
-84.502518 33.930348
-84.502785 33.929478
-84.503938 33.929529
-84.5046423 33.9303725
-84.5062375 33.9292537
-84.5040064 33.9520689
-84.5023179 33.9328958
-84.5030411 33.9321329
-84.5479377 33.9574281
-84.5100002 33.944342
-84.5053804 33.9407738
-84.5052472 33.940628
-84.4985798 33.9372046
-84.546218 33.924239
-84.4900203 33.9184255
-84.502021 33.930277
-84.502039 33.928448
-84.5447547 33.9414104
-84.5454055 33.9411246
-84.5397642 33.9416487
-84.5412247 33.941663
-84.5415989 33.9416679
-84.5094584 33.9428075
-84.510033 33.9416065
-84.5173727 33.9516382
-84.5173771 33.9540638
-84.5173804 33.9550067
-84.5487097 33.9602098
-84.5469277 33.9601554
-84.5443942 33.9600923
-84.5428081 33.9600633
-84.5513984 33.9138224
-84.4900541 33.9440888
-84.4894686 33.9423532
-84.4878022 33.941511
-84.4963029 33.9482985
-84.4958585 33.9488178
-84.5332996 33.9462872
-84.53327 33.9472649
-84.5471026 33.9522422
-84.5470756 33.9532402
-84.547051 33.9553079
-84.5120733 33.9575352
-84.510572 33.9577588
-84.5449582 33.9467278
-84.5448997 33.9485312
-84.5446887 33.9522024
-84.5446669 33.9531952
-84.5368906 33.9140938
-84.5399052 33.9117891
-84.5238192 33.9476073
-84.5211928 33.9477924
-84.491112 33.9596735
-84.4918842 33.9588993
-84.5204663 33.9450329
-84.5205031 33.9423074
-84.5204845 33.9422015
-84.530054 33.9641836
-84.5289865 33.9638833
-84.4948137 33.9553412
-84.4936245 33.9553267
-84.4873114 33.9506924
-84.4890506 33.9519539
-84.4918765 33.9566559
-84.4917874 33.957406
-84.5312187 33.9552695
-84.5315406 33.9571411
-84.5446443 33.9277726
-84.5446263 33.9264599
-84.549068 33.9522842
-84.5490401 33.9515124
-84.5489212 33.9484653
-84.5485171 33.9475928
-84.5473342 33.9457198
-84.5459368 33.9434069
-84.5064307 33.9494352
-84.508654 33.956361
-84.5332466 33.9650119
-84.5280684 33.9552763
-84.5266703 33.9555522
-84.5259019 33.9563431
-84.5251723 33.9577203
-84.4902787 33.9576421
-84.4889958 33.9570729
-84.5374062 33.9561396
-84.5374129 33.9557637
-84.5187496 33.9424526
-84.5187508 33.9422817
-84.542384 33.9502553
-84.5423865 33.9488148
-84.5423893 33.9478886
-84.5480625 33.9522321
-84.5520637 33.9522681
-84.4967939 33.9160574
-84.5303607 33.9506165
-84.5304123 33.9490949
-84.530404 33.9487223
-84.5300809 33.9476707
-84.529906 33.9470777
-84.5303413 33.9461348
-84.5307275 33.9458155
-84.5332917 33.9452904
-84.5342433 33.9433481
-84.5435518 33.9521998
-84.5397214 33.952163
-84.5381556 33.9521565
-84.5370643 33.9521383
-84.5354185 33.952098
-84.5347328 33.9520654
-84.5341165 33.9520287
-84.5329969 33.9519668
-84.5320045 33.9519364
-84.5297958 33.9518914
-84.5282165 33.9518787
-84.5273743 33.951889
-84.5256899 33.9518487
-84.4977831 33.9481008
-84.4978141 33.946075
-84.5512184 33.940625
-84.5506618 33.9382584
-84.491731 33.9397027
-84.491881 33.9385666
-84.5409065 33.9451214
-84.540967 33.9443136
-84.5409894 33.9439708
-84.5182945 33.9629016
-84.5515743 33.9129039
-84.5514017 33.9129038
-84.550306 33.91288
-84.5486547 33.9128684
-84.5475548 33.9128635
-84.5405275 33.960862
-84.5404913 33.9617137
-84.5397053 33.9531408
-84.5477316 33.9405609
-84.5471494 33.9387516
-84.512054 33.9585619
-84.5105967 33.9595358
-84.5089411 33.9599894
-84.5074393 33.960162
-84.506322 33.959805
-84.5049069 33.9588339
-84.537882 33.9350553
-84.5411835 33.9388526
-84.5397774 33.9388495
-84.5351669 33.9389243
-84.5460511 33.9373184
-84.5460504 33.9370146
-84.5457795 33.9368688
-84.4959056 33.943166
-84.4959864 33.9406268
-84.4941211 33.9631881
-84.4964343 33.9611813
-84.5040165 33.9544165
-84.5186538 33.9509077
-84.5197457 33.9509283
-84.5205645 33.9509913
-84.520774 33.9510004
-84.5226478 33.9510324
-84.5256212 33.9510176
-84.5273921 33.9508906
-84.5320497 33.9506873
-84.5330688 33.9506613
-84.5341014 33.9506104
-84.5347795 33.9506151
-84.5360012 33.9505762
-84.537021 33.9505255
-84.5383117 33.9504264
-84.5471421 33.9517326
-84.5473393 33.9518393
-84.5415916 33.9502408
-84.5342996 33.9506002
-84.5280161 33.9508164
-84.5237899 33.9510268
-84.5207262 33.9508941
-84.5205142 33.9508961
-84.5131708 33.9507945
-84.5073653 33.951656
-84.507107 33.9518003
-84.5049319 33.9536122
-84.501145 33.9569234
-84.5002288 33.9577286
-84.4993934 33.9584497
-84.4940046 33.9630958
-84.5220869 33.9232249
-84.5231977 33.9244088
-84.502787 33.952057
-84.5519989 33.9418026
-84.545621 33.9417145
-84.504951 33.9480976
-84.504751 33.9472288
-84.5146508 33.9441682
-84.5146634 33.9432872
-84.5516888 33.950546
-84.5397673 33.9478579
-84.5397892 33.9466797
-84.5398151 33.9453529
-84.5398128 33.9444151
-84.5397937 33.9438898
-84.5397697 33.9432904
-84.5287932 33.9464715
-84.5287959 33.9451712
-84.5172826 33.9640245
-84.514642 33.9650408
-84.5218599 33.9531969
-84.5185604 33.9546604
-84.5154635 33.9559206
-84.5137906 33.9582207
-84.5133897 33.9586187
-84.5118057 33.9601343
-84.5050597 33.9619027
-84.503758 33.9617634
-84.5490547 33.9532025
-84.5451841 33.9359897
-84.5446693 33.9349985
-84.5493478 33.9364887
-84.548709 33.934052
-84.548217 33.9329293
-84.5399359 33.9599669
-84.5370521 33.9599458
-84.5356968 33.9599391
-84.5480397 33.9515003
-84.521232 33.9409937
-84.5041598 33.9229632
-84.4977226 33.9228528
-84.4974355 33.9240124
-84.4918555 33.9617755
-84.4972402 33.9409033
-84.4966218 33.9406726
-84.4943975 33.9406268
-84.4932612 33.9406207
-84.533739 33.963927
-84.5491606 33.9189281
-84.5474781 33.9196067
-84.5462928 33.9204256
-84.5461801 33.9205091
-84.5450744 33.9212736
-84.5442319 33.9215825
-84.5427791 33.9216807
-84.552226 33.9406407
-84.4875034 33.9363351
-84.4873065 33.9368256
-84.4965807 33.9436965
-84.498234 33.9379192
-84.5269058 33.9453328
-84.497523 33.929623
-84.5079224 33.9488393
-84.5081565 33.9479281
-84.50775 33.9466024
-84.5077138 33.9454338
-84.5490486 33.9553246
-84.5480787 33.9553094
-84.5444977 33.9552787
-84.5434999 33.9552631
-84.5406365 33.9552085
-84.5364308 33.9561299
-84.5323408 33.9559864
-84.531842 33.9555456
-84.530276 33.9551827
-84.5295799 33.9552573
-84.5280078 33.956342
-84.4896529 33.9380979
-84.4916825 33.9366669
-84.492113 33.9203148
-84.4995573 33.9160644
-84.5286097 33.9630424
-84.5394364 33.9164579
-84.5397281 33.9162031
-84.539872 33.9148121
-84.5041605 33.9250224
-84.5041568 33.9242177
-84.4922041 33.9261519
-84.4951466 33.923597
-84.4944158 33.9356021
-84.5416221 33.9487702
-84.5405946 33.9487516
-84.5393511 33.948729
-84.5384725 33.948713
-84.543446 33.948811
-84.5066644 33.934812
-84.5479837 33.9636195
-84.5460433 33.9636302
-84.5447628 33.9636417
-84.5391625 33.9636274
-84.5391601 33.963835
-84.5370052 33.9638044
-84.5423645 33.9247017
-84.5220983 33.9418324
-84.496635 33.930541
-84.5517766 33.9430167
-84.5503529 33.9472904
-84.4999637 33.9519645
-84.4999727 33.9499397
-84.4999854 33.9470828
-84.499684 33.956813
-84.4985216 33.9545228
-84.5004195 33.9241089
-84.5399479 33.9587902
-84.5414151 33.93376
-84.5415014 33.9317454
-84.5414389 33.9303451
-84.5413662 33.9293671
-84.5417723 33.9264793
-84.5425759 33.9242059
-84.5426393 33.9239804
-84.5427391 33.9234441
-84.5420318 33.9195708
-84.541466 33.9185853
-84.5354273 33.9128255
-84.5349393 33.9124528
-84.5445064 33.9412464
-84.5433919 33.9401319
-84.5430395 33.9394771
-84.5417377 33.9370874
-84.5409375 33.935666
-84.5340429 33.953108
-84.5232743 33.9312673
-84.5145979 33.930748
-84.5093887 33.9300145
-84.5511692 33.9173133
-84.5435214 33.9540268
-84.5414338 33.9539854
-84.5406988 33.9539754
-84.5400134 33.9531391
-84.5384872 33.9541531
-84.5375151 33.9541178
-84.5374815 33.9541979
-84.5363943 33.9542268
-84.5346331 33.954262
-84.5490841 33.9574418
-84.5458434 33.9571174
-84.5113543 33.9400796
-84.511396 33.9398919
-84.514217 33.954132
-84.514313 33.953965
-84.5479566 33.9647511
-84.5460568 33.9647719
-84.5447692 33.9647804
-84.5391773 33.9648229
-84.5369755 33.96483
-84.5354827 33.9648344
-84.5345596 33.9648429
-84.5281578 33.9527145
-84.5107823 33.9601266
-84.5087987 33.9581823
-84.5081106 33.9570567
-84.508063 33.956121
-84.4943093 33.9503133
-84.4937188 33.9512011
-84.4924942 33.9526779
-84.552065 33.9645192
-84.54758 33.911786
-84.5428146 33.9186053
-84.5426125 33.9163161
-84.5448752 33.9185831
-84.544762 33.916336
-84.5448233 33.9138711
-84.5448526 33.9128306
-84.5504457 33.9233218
-84.5493979 33.9237427
-84.5420556 33.9395483
-84.5411934 33.9395233
-84.501829 33.949044
-84.5009856 33.948909
-84.5501258 33.9468397
-84.5461594 33.9429058
-84.500659 33.9299529
-84.5443836 33.9610775
-84.5443213 33.9623345
-84.544324 33.9625657
-84.5444885 33.9564269
-84.5444314 33.9584328
-84.5444048 33.958857
-84.5209424 33.9516465
-84.5374502 33.9475538
-84.5359088 33.9476437
-84.5415398 33.9478886
-84.5393898 33.9478514
-84.5384804 33.9478357
-84.5374454 33.947823
-84.4935726 33.9473813
-84.492429 33.9472476
-84.4906995 33.9471529
-84.4881183 33.9465707
-84.549853 33.916398
-84.550116 33.915661
-84.5501533 33.9137846
-84.5369468 33.945277
-84.5369851 33.9439932
-84.5369814 33.9433946
-84.5374822 33.946655
-84.5375038 33.9452945
-84.5513485 33.9498739
-84.5514013 33.9480266
-84.552072 33.9640962
-84.5332479 33.9483336
-84.5496163 33.9222585
-84.5006035 33.956591
-84.5004255 33.954926
-84.4956193 33.9429432
-84.4945944 33.9436086
-84.4934005 33.9442425
-84.4919288 33.9443387
-84.5297621 33.9530366
-84.5453166 33.9408482
-84.5451515 33.94051
-84.5435543 33.9383082
-84.5430967 33.9377436
-84.546373 33.916377
-84.5464261 33.9138775
-84.5467276 33.9131223
-84.5322116 33.9588643
-84.5290742 33.9587637
-84.543608 33.924036
-84.4874085 33.9201971
-84.5521391 33.9159869
-84.5189966 33.9629005
-84.5181423 33.9629072
-84.5172176 33.9635156
-84.5178282 33.9643331
-84.519172 33.962803
-84.5034413 33.9448202
-84.5020892 33.944091
-84.5017404 33.9520122
-84.5017409 33.9500257
-84.501953 33.9482299
-84.5025885 33.9471579
-84.550567 33.918017
-84.5496212 33.9187876
-84.5517101 33.9164879
-84.5521786 33.9600139
-84.5521506 33.9610325
-84.500348 33.9454379
-84.5134315 33.9467991
-84.4875771 33.9474321
-84.4889355 33.9452695
-84.5459066 33.9163629
-84.5489618 33.9588864
-84.5477534 33.9589591
-84.5435231 33.9588595
-84.5420112 33.9588225
-84.5391017 33.958791
-84.5277819 33.9601585
-84.5237277 33.9607081
-84.5143004 33.9621474
-84.5139493 33.9621814
-84.4994772 33.9639439
-84.4971865 33.9546505
-84.4978186 33.9517962
-84.5370419 33.9587895
-84.5287739 33.9601815
-84.5280179 33.96021
-84.5278792 33.960245
-84.5238917 33.9608215
-84.5139198 33.9623004
-84.5135282 33.9623864
-84.4976254 33.9517291
-84.4906973 33.9462352
-84.4921123 33.924004
-84.4920754 33.9254998
-84.4909274 33.9566145
-84.5461585 33.9308528
-84.5462016 33.9298696
-84.4943927 33.9503521
-84.4948931 33.9498097
-84.497684 33.949523
-84.4953274 33.946069
-84.4933563 33.942346
-84.492909 33.941856
-84.4913289 33.9380846
-84.4910404 33.9355648
-84.5433508 33.9434545
-84.5439906 33.9434504
-84.5432113 33.9439162
-84.4932162 33.924033
-84.5028193 33.9338548
-84.5140235 33.9618989
-84.5394007 33.9612383
-84.5370365 33.96118
-84.5362761 33.9611717
-84.5404452 33.9245395
-84.5393088 33.9175912
-84.5299676 33.9145057
-84.5302082 33.9139373
-84.5305862 33.9130464
-84.5393768 33.9319036
-84.5403291 33.9276355
-84.5343457 33.922362
-84.5226357 33.9233132
-84.5202929 33.9226374
-84.5157874 33.9214984
-84.5127835 33.9207575
-84.5083522 33.9196456
-84.5066123 33.9195927
-84.5053458 33.9195959
-84.497427 33.925705
-84.4974488 33.9249039
-84.4974422 33.9235068
-84.5173065 33.9500596
-84.5165639 33.9480164
-84.5163748 33.9464278
-84.5163934 33.9455059
-84.5169737 33.9441149
-84.5157558 33.9418693
-84.5156439 33.9416591
-84.4984383 33.9458321
-84.4947451 33.9470582
-84.5359516 33.9122966
-84.4906644 33.9415546
-84.4886652 33.9430526
-84.4876949 33.9433859
-84.4934504 33.9499443
-84.4935815 33.9470305
-84.4919474 33.9452792
-84.4886231 33.9596738
-84.5262384 33.9473958
-84.5255131 33.9473359
-84.5247824 33.9467186
-84.5241526 33.9465394
-84.5420304 33.9578224
-84.5387607 33.9578004
-84.5502789 33.9501785
-84.5436867 33.9467423
-84.5415371 33.9467027
-84.5365782 33.9466553
-84.535708 33.9466422
-84.5460212 33.9467152
-84.5012098 33.9307506
-84.5460583 33.936332
-84.49117 33.9633271
-84.4905516 33.9632454
-84.53925 33.9531391
-84.5392349 33.9550731
-84.4965474 33.9512785
-84.496412 33.9520358
-84.4970307 33.951997
-84.4948758 33.9521146
-84.4935772 33.9580432
-84.5446143 33.9282711
-84.5431298 33.9282476
-84.550435 33.948019
-84.496813 33.92489
-84.4966666 33.9129392
-84.5262816 33.9414801
-84.526291 33.9410228
-84.5319369 33.9566519
-84.5062125 33.9466616
-84.5049314 33.9466485
-84.5044325 33.9466463
-84.513762 33.952871
-84.51245 33.954215
-84.5254794 33.9516435
-84.52811 33.9541951
-84.4983955 33.9441145
-84.4988004 33.9383414
-84.5269299 33.96295
-84.5078978 33.9394111
-84.5078054 33.9396348
-84.4931726 33.9407073
-84.4897938 33.916841
-84.5050499 33.938938
-84.5060973 33.9372246
-84.5435443 33.953137
-84.543697 33.918627
-84.5512059 33.9261142
-84.5048572 33.9520327
-84.5048552 33.9508253
-84.5048771 33.9500339
-84.5049081 33.94898
-84.5359726 33.9483984
-84.5343666 33.9483575
-84.5192027 33.9532712
-84.5391821 33.9629287
-84.5159031 33.9480676
-84.5119764 33.9495471
-84.511538 33.9499843
-84.4993154 33.9444706
-84.545641 33.9573889
-84.5451032 33.9581442
-84.551197 33.911139
-84.4921186 33.9228442
-84.5012224 33.9449116
-84.5019293 33.9455377
-84.5214513 33.9524301
-84.5197361 33.952399
-84.5254547 33.9621998
-84.516197 33.9610268
-84.5142963 33.9609703
-84.513127 33.960914
-84.487733 33.914901
-84.4941287 33.9131168
-84.5005119 33.9519762
-84.5005195 33.9529038
-84.500515 33.9537744
-84.4934455 33.9553479
-84.4945534 33.9419912
-84.4921638 33.9428178
-84.4915928 33.9431064
-84.5481229 33.915694
-84.4930322 33.9627691
-84.5347751 33.9530985
-84.541537 33.9433505
-84.5415634 33.9426501
-84.5117988 33.9613736
-84.4896812 33.9461766
-84.507419 33.949733
-84.5122363 33.9454897
-84.5106427 33.9454764
-84.530139 33.945146
-84.550179 33.9575974
-84.552224 33.9580217
-84.535162 33.9395124
-84.5012496 33.9330665
-84.5384636 33.9497087
-84.4976053 33.9445051
-84.5000068 33.9390744
-84.5277995 33.9593009
-84.5039054 33.9481048
-84.5038797 33.9484217
-84.5040314 33.9486544
-84.5040232 33.9493597
-84.5222629 33.9519088
-84.503694 33.936742
-84.504611 33.937156
-84.5490617 33.9563665
-84.5485377 33.9608414
-84.5483158 33.9617622
-84.514122 33.94642
-84.5433346 33.9298472
-84.5433752 33.9292416
-84.5349158 33.956175
-84.5358299 33.9569023
-84.5370267 33.9620303
-84.5365772 33.9531131
-84.5398516 33.9608583
-84.5392343 33.9620533
-84.5392017 33.9625252
-84.5364739 33.9452677
-84.5354316 33.9452395
-84.5359593 33.9493136
-84.5343374 33.9493061
-84.5496149 33.9316009
-84.54267 33.926904
-84.4905148 33.9345308
-84.4881296 33.9334248
-84.4878874 33.9325214
-84.49913 33.92526
-84.4981695 33.9249496
-84.4990106 33.9250468
-84.4994526 33.9237942
-84.5088778 33.9491336
-84.5062568 33.9493802
-84.5216222 33.9420091
-84.5064035 33.9577893
-84.5115855 33.9394338
-84.5353018 33.9350767
-84.5302423 33.9338074
-84.5091855 33.9206694
-84.5114439 33.9207211
-84.5209414 33.9278966
-84.5278771 33.9347174
-84.5297272 33.9352171
-84.5347909 33.9364782
-84.5372319 33.9365671
-84.5403707 33.9358184
-84.5452412 33.9344836
-84.5502492 33.9307487
-84.5507383 33.9298213
-84.5510389 33.9288872
-84.5512623 33.9265731
-84.5460944 33.9121856
-84.5465422 33.9128526
-84.547817 33.915012
-84.5483923 33.9164009
-84.5414293 33.9355314
-84.5086437 33.9208837
-84.55188 33.9374493
-84.5453283 33.9373974
-84.5253525 33.9479797
-84.4980831 33.9497696
-84.503404 33.950032
-84.498797 33.949892
-84.53643 33.9567863
-84.5378427 33.9531303
-84.5358841 33.9558986
-84.4884648 33.935336
-84.5445771 33.928806
-84.5186971 33.9540553
-84.5013878 33.9549603
-84.5426411 33.9625892
-84.5414425 33.9625531
-84.5430769 33.9163134
-84.5431127 33.9138281
-84.54311 33.9127665
-84.4888172 33.9492852
-84.5350739 33.9415941
-84.5310201 33.9629949
-84.5274924 33.9481214
-84.5162158 33.960742
-84.5161541 33.9624489
-84.5161353 33.9628972
-84.5487506 33.9301557
-84.5476856 33.9300182
-84.5358425 33.9473087
-84.5357865 33.947027
-84.5480842 33.9545592
-84.5480865 33.9532412
-84.5414972 33.9531136
-84.5407216 33.9531283
-84.5356597 33.9531061
-84.5329151 33.9531316
-84.5319434 33.9531013
-84.5145344 33.9526034
-84.5115527 33.9563409
-84.5271222 33.9495321
-84.4992755 33.9454303
-84.5044904 33.9436374
-84.5005234 33.9328776
-84.5065808 33.9247899
-84.5501493 33.959187
-84.5492236 33.9590787
-84.5501662 33.9584878
-84.5501459 33.9608781
-84.5501084 33.9644841
-84.5099965 33.9484926
-84.5091695 33.9480545
-84.5503838 33.9477777
-84.5520312 33.9519943
-84.5506603 33.9582316
-84.5438824 33.9127828
-84.4961944 33.9538716
-84.4948413 33.9539442
-84.5495967 33.9405899
-84.5458803 33.9405216
-84.5435487 33.9453005
-84.5411468 33.9453325
-84.5464074 33.9563531
-84.5029204 33.9482869
-84.4993767 33.9464036
-84.4989289 33.9458207
-84.4987148 33.9455737
-84.4969833 33.9440076
-84.4938246 33.9412385
-84.4905656 33.9388442
-84.4888234 33.9373971
-84.4883369 33.9370063
-84.525125 33.9516863
-84.5226479 33.9526164
-84.4961898 33.9124333
-84.4955031 33.9129119
-84.491001 33.913021
-84.5460248 33.9357294
-84.5439243 33.9375891
-84.5427495 33.9608388
-84.5415153 33.9608573
-84.534522 33.9463282
-84.5519822 33.9458118
-84.5518628 33.9460822
-84.550959 33.918759
-84.4915429 33.9344492
-84.4901257 33.9325192
-84.4878377 33.9293924
-84.4916618 33.962404
-84.5283116 33.9606559
-84.5279585 33.9606448
-84.5166004 33.9421944
-84.5170728 33.9423449
-84.5207284 33.9422191
-84.5238563 33.9409904
-84.5285009 33.9416509
-84.5324966 33.9428102
-84.5350612 33.9434627
-84.5431478 33.9440074
-84.5454128 33.9462195
-84.5496365 33.9473752
-84.525504 33.9408388
-84.519844 33.9422568
-84.5183207 33.9422927
-84.5172306 33.9421819
-84.4987401 33.944691
-84.5046283 33.9637133
-84.535673 33.956252
-84.5101034 33.9484058
-84.5115012 33.9461285
-84.5452059 33.9466329
-84.5087277 33.9454519
-84.5319067 33.9542094
-84.5034206 33.9520646
-84.5038184 33.9226775
-84.4921055 33.9226415
-84.4927594 33.9345514
-84.5066036 33.9293369
-84.5069815 33.928273
-84.5066149 33.9282562
-84.4908481 33.9621795
-84.4947741 33.9570696
-84.5275011 33.9594244
-84.5274662 33.9596925
-84.502813 33.928528
-84.5052133 33.9283888
-84.5138593 33.9627469
-84.5061441 33.9604245
-84.502946 33.938805
-84.5069934 33.9454192
-84.5022334 33.9308564
-84.5022486 33.9318403
-84.5020747 33.9334422
-84.5025196 33.9323815
-84.5038271 33.9306596
-84.5434847 33.9566336
-84.5420478 33.9566291
-84.5242766 33.945472
-84.513561 33.962833
-84.5285043 33.9403591
-84.5516935 33.933842
-84.5487553 33.9381023
-84.5480926 33.9539764
-84.5480301 33.9502641
-84.5480772 33.9484984
-84.5198435 33.9494671
-84.5191124 33.9480659
-84.5151641 33.9407465
-84.5140648 33.9387031
-84.5126314 33.9360626
-84.508415 33.9282061
-84.5044617 33.9214386
-84.4964256 33.912692
-84.4966063 33.9239726
-84.530835 33.9464819
-84.4893684 33.9398638
-84.5046106 33.9360164
-84.502266 33.936685
-84.5009187 33.9359785
-84.5353679 33.9448991
-84.5244869 33.938331
-84.489374 33.9481972
-84.510324 33.948599
-84.551676 33.9186363
-84.5516294 33.9183507
-84.5202215 33.9225098
-84.5195073 33.9212834
-84.5010893 33.9366857
-84.5268621 33.9593494
-84.529719 33.9618139
-84.5505951 33.9367274
-84.550345 33.933557
-84.5290404 33.956421
-84.498411 33.9319873
-84.5170779 33.942593
-84.4990232 33.9581515
-84.4982528 33.9554457
-84.5066958 33.9518076
-84.5065361 33.9518273
-84.5210343 33.9200378
-84.5310229 33.9477972
-84.4950484 33.9443821
-84.545212 33.931808
-84.4872869 33.9228976
-84.5231312 33.9634962
-84.5054139 33.9228351
-84.5054984 33.9227977
-84.5407731 33.9352896
-84.5405049 33.9316289
-84.5405627 33.9313653
-84.5405903 33.93014
-84.5449173 33.9478886
-84.544745 33.9508591
-84.4966612 33.9577168
-84.5021102 33.9209989
-84.5473857 33.9184912
-84.5273849 33.9598162
-84.5271537 33.9601553
-84.5516522 33.9553926
-84.5501654 33.9579576
-84.5322213 33.9594189
-84.5285902 33.9607022
-84.549965 33.9473166
-84.5516445 33.9522711
-84.5521438 33.9527695
-84.5146422 33.9412692
-84.5253291 33.9342031
-84.5144107 33.9348745
-84.5120324 33.9349387
-84.5259993 33.9354446
-84.5157839 33.9366648
-84.5159823 33.9369518
-84.5240301 33.9370933
-84.5170723 33.9417048
-84.5187236 33.9410108
-84.518338 33.9417414
-84.5201801 33.9226001
-84.510666 33.9223762
-84.5149133 33.924943
-84.5202869 33.9535371
-84.5032051 33.9200102
-84.5267779 33.9248784
-84.5098881 33.9397731
-84.5112357 33.9403449
-84.512966 33.9407929
-84.5190511 33.9322368
-84.5189373 33.9316658
-84.5176959 33.933796
-84.5176767 33.9335111
-84.5156621 33.935198
-84.5157253 33.9325749
-84.5156181 33.9324804
-84.5165208 33.9324237
-84.5164292 33.9322796
-84.5195335 33.9330067
-84.5471242 33.9169033
-84.5061861 33.9186664
-84.5470572 33.9163758
-84.5203562 33.9505748
-84.5464938 33.9435638
-84.5489184 33.9435946
-84.5508917 33.9452097
-84.549057 33.9500049
-84.549656 33.9501821
-84.5492809 33.9501849
-84.5490615 33.9503643
-84.5418557 33.9504179
-84.5407654 33.9504385
-84.5425911 33.9505456
-84.5393319 33.950547
-84.5404139 33.9508031
-84.542305 33.9508403
-84.5427977 33.9510992
-84.5413484 33.9511558
-84.5394438 33.9512918
-84.54043 33.9513322
-84.5413808 33.9513718
-84.5415323 33.9514412
-84.5406841 33.9514437
-84.5466346 33.951505
-84.5496442 33.9515186
-84.5502574 33.9515245
-84.5429446 33.9515394
-84.5508898 33.9515394
-84.5403909 33.9515913
-84.542908 33.9516393
-84.5422825 33.9516307
-84.5426229 33.9516925
-84.540357 33.9518344
-84.5429955 33.9518411
-84.549634 33.9522932
-84.550198 33.9522803
-84.549628 33.9532088
-84.5501703 33.9532183
-84.5522256 33.9532812
-84.5518935 33.9532863
-84.5470647 33.9539647
-84.5490155 33.9539819
-84.5496198 33.9539902
-84.5502176 33.9539983
-84.5470584 33.954556
-84.5490242 33.954608
-84.5496327 33.954647
-84.5502135 33.9546635
-84.5454819 33.9552912
-84.5502107 33.955349
-84.549061 33.9561811
-84.5502076 33.9561811
-84.5490875 33.9575958
-84.5306885 33.9122322
-84.5308266 33.9119658
-84.5348406 33.9131059
-84.5355774 33.9342717
-84.54198 33.9149275
-84.5402749 33.9300511
-84.5399684 33.9298312
-84.4979892 33.959761
-84.4981884 33.9599044
-84.4978782 33.9596821
-84.5158593 33.9267109
-84.5117877 33.9257227
-84.5146496 33.925558
-84.5135204 33.9181643
-84.5373036 33.9188812
-84.537585 33.9180219
-84.5379837 33.9184437
-84.5354875 33.9195154
-84.5133887 33.9291335
-84.511706 33.9298431
-84.5229645 33.942972
-84.5173387 33.9424015
-84.5393505 33.9503734
-84.5406644 33.9502928
-84.5052342 33.938446
-84.5415376 33.9434266
-84.5440044 33.9531685
-84.5435357 33.9533758
-84.5456891 33.9468208
-84.5271739 33.9594308
-84.5129647 33.9505424
-84.5467392 33.9502434
-84.5414765 33.933961
-84.54275 33.9215174
-84.5427271 33.9248868
-84.5397376 33.9318536
-84.5405005 33.9320353
-84.5426284 33.9217065
-84.5370179 33.9504336
-84.5378161 33.950444
-84.5373981 33.9504985
-84.5347742 33.9505217
-84.5373987 33.950423
-84.5466732 33.9513034
-84.504921 33.9403299
-84.5056262 33.9404355
-84.4989347 33.9465885
-84.5141563 33.9508122
-84.503367 33.9549826
-84.5351494 33.9411806
-84.535192 33.9415942
-84.5351966 33.9434749
-84.5369353 33.958787
-84.5369226 33.9599452
-84.5369047 33.9611781
-84.5368815 33.9628957
-84.5368414 33.9648289
-84.5354654 33.9463595
-84.535026 33.9464385
-84.5406155 33.9352779
-84.5407848 33.9357074
-84.5416017 33.9369338
-84.5436644 33.9384343
-84.5446891 33.9397264
-84.5453877 33.9410655
-84.5451506 33.9411013
-84.4913691 33.9167317
-84.5047301 33.9480826
-84.5159336 33.9421997
-84.5203142 33.9509391
-84.5225375 33.9526623
-84.5325904 33.9141443
-84.5321502 33.9140877
-84.5194182 33.9478975
-84.5357335 33.9569813
-84.5467639 33.9485117
-84.5475423 33.9484989
-84.5463297 33.9490282
-84.5467531 33.9490432
-84.5475276 33.9490601
-84.5475168 33.9494726
-84.5480473 33.949482
-84.5467414 33.9496214
-84.5467094 33.949643
-84.5475126 33.9496331
-84.5480469 33.9496413
-84.5463049 33.9499202
-84.5461184 33.950144
-84.546699 33.9501534
-84.5458112 33.9512135
-84.5389542 33.9453364
-84.5381698 33.9453153
-84.5393618 33.9453399
-84.5388251 33.9466667
-84.5381643 33.9466554
-84.5378175 33.9453039
-84.5380792 33.9461524
-84.5394276 33.946677
-84.5394394 33.9463388
-84.5388371 33.9463173
-84.5374916 33.9461462
-84.544718 33.9511067
-84.5450488 33.9509551
-84.4947355 33.9624655
-84.493691 33.9626207
-84.5040151 33.9480961
-84.513767 33.9585877
-84.5127771 33.9591691
-84.5138667 33.9626139
-84.5518832 33.9539977
-84.5368547 33.9579105
-84.5472702 33.9353406
-84.5473359 33.9343486
-84.5469154 33.9354492
-84.5479093 33.9360535
-84.5117186 33.9496784
-84.5112627 33.9498793
-84.5273718 33.9138141
-84.5292277 33.9144787
-84.5255883 33.9513488
-84.5216616 33.9528247
-84.5297153 33.9541261
-84.5281744 33.9523083
-84.5283889 33.9521441
-84.5480218 33.9617952
-84.5437604 33.9609349
-84.5443643 33.9616029
-84.542477 33.9478886
-84.5370081 33.9577643
-84.5438971 33.9562768
-84.5434822 33.9562498
-84.5438485 33.9577305
-84.5438538 33.9566971
-84.5438471 33.957963
-84.5444373 33.9623324
-84.5060132 33.9373096
-84.5075613 33.9387483
-84.5442704 33.9362973
-84.544139 33.9368748
-84.5439016 33.9370128
-84.5435475 33.9366345
-84.5441901 33.9375519
-84.5460511 33.9366953
-84.545896 33.9499333
-84.5462577 33.9499647
-84.5244509 33.9631147
-84.5242918 33.9629162
-84.5242569 33.9629351
-84.5331818 33.9649535
-84.5400365 33.9289814
-84.534437 33.9433825
-84.5350996 33.9437495
-84.5348714 33.9362696
-84.5342894 33.9363795
-84.5320829 33.9358203
-84.5298424 33.9349577
-84.5294154 33.9351371
-84.4920963 33.9223986
-84.4926562 33.9226373
-84.4914909 33.9228516
-84.4921223 33.9231209
-84.5414943 33.9372145
-84.5067295 33.9376158
-84.5479541 33.9181768
-84.5479804 33.9183258
-84.4962719 33.9610852
-84.4969942 33.9612139
-84.5229251 33.9314287
-84.5234706 33.931548
-84.5188645 33.9620585
-84.518502 33.9614953
-84.5184137 33.9618442
-84.4981697 33.9595946
-84.4962346 33.9124825
-84.4981414 33.9449785
-84.5256168 33.9517316
-84.4920285 33.9219074
-84.4919615 33.9223958
-84.4914961 33.9226435
-84.5329472 33.9344744
-84.5011929 33.9154297
-84.4998087 33.9159944
-84.5014935 33.9160448
-84.5002515 33.9164804
-84.5017297 33.916526
-84.5090539 33.9177488
-84.5097669 33.9179357
-84.5402383 33.9287237
-84.5400805 33.9286664
-84.4926463 33.9228398
-84.5351842 33.9433516
-84.5350506 33.9433406
-84.5346914 33.9433
-84.53427 33.9432307
-84.5350435 33.9430545
-84.5268041 33.9411706
-84.5202462 33.9515933
-84.5421543 33.9488138
-84.5394556 33.9461813
-84.538785 33.9478409
-84.5382218 33.9466564
-84.5381795 33.9478315
-84.5394709 33.9466775
-84.5331005 33.9504238
-84.5334341 33.9506408
-84.5219667 33.950205
-84.5206051 33.9506836
-84.5256134 33.9509063
-84.5210924 33.9508993
-84.5227231 33.9509214
-84.5228311 33.9509228
-84.5211426 33.9510067
-84.520946 33.9513286
-84.5200477 33.9509341
-84.5471699 33.9520145
-84.5335417 33.9451263
-84.5503744 33.9469272
-84.501832 33.9425143
-84.497751 33.9513317
-84.4972356 33.9515692
-84.498267 33.9518861
-84.4977217 33.9521561
-84.5118262 33.9500975
-84.5137116 33.9506556
-84.5136757 33.9508027
-84.5067377 33.9520585
-84.5121994 33.9408138
-84.5163002 33.9428748
-84.5077542 33.9394421
-84.5079437 33.9396
-84.5082002 33.941152
-84.5057052 33.9406107
-84.5211876 33.9612645
-84.52065 33.961124
-84.5211147 33.9617267
-84.52122 33.9613786
-84.5183946 33.9619673
-84.5073429 33.9344962
-84.536596 33.958778
-84.5374405 33.9587986
-84.5369306 33.959095
-84.5370616 33.959166
-84.5346412 33.9541827
-84.5188157 33.9420503
-84.5192366 33.9422649
-84.5207462 33.9614774
-84.5056626 33.9409727
-84.5187112 33.9509085
-84.5027124 33.9555564
-84.5043431 33.9570092
-84.5007048 33.9201005
-84.5007041 33.9201913
-84.5004212 33.921736
-84.4959837 33.9122104
-84.4958571 33.9126418
-84.4958972 33.9126991
-84.5435501 33.9510552
-84.516991 33.9525396
-84.517033 33.9508716
-84.5489618 33.9475043
-84.5486829 33.9479296
-84.5142704 33.933939
-84.523792 33.9371016
-84.5434526 33.9383711
-84.5429814 33.9377915
-84.5416852 33.9337637
-84.541648 33.9337631
-84.5414254 33.9335601
-84.5437234 33.9382741
-84.5215868 33.9533937
-84.5220483 33.953543
-84.5330929 33.9504746
-84.532857 33.9506726
-84.51875 33.9423903
-84.5162021 33.9426924
-84.5240303 33.9465464
-84.5238213 33.9454669
-84.5172003 33.9506075
-84.5358727 33.9505807
-84.5355642 33.9521072
-84.5353774 33.9523266
-84.5347214 33.9526733
-84.5349165 33.9530986
-84.535928 33.9504707
-84.5517898 33.9446149
-84.5515057 33.9456256
-84.5440183 33.9371353
-84.5441216 33.9372915
-84.542679 33.9388136
-84.5445394 33.9415549
-84.5423767 33.9388554
-84.542549 33.9385749
-84.5511446 33.9284827
-84.4992867 33.9154399
-84.5424962 33.9244168
-84.5426496 33.9248224
-84.5447047 33.9230137
-84.5447349 33.9233997
-84.5450051 33.9229191
-84.5449931 33.9233987
-84.5422343 33.919417
-84.5421461 33.9196846
-84.5520451 33.9375324
-84.4898213 33.9267755
-84.4898299 33.9272226
-84.4906314 33.9268223
-84.4986812 33.9556831
-84.4989582 33.9545337
-84.4986418 33.9570089
-84.4997902 33.956149
-84.498741 33.9576274
-84.492052 33.9243564
-84.4931017 33.9240338
-84.5306456 33.9463487
-84.5313098 33.9459233
-84.514736 33.931531
-84.5148611 33.9256616
-84.5275643 33.9462307
-84.5109627 33.922298
-84.5082736 33.919817
-84.499425 33.9309895
-84.5004642 33.9309941
-84.4993217 33.9270593
-84.4975147 33.9278293
-84.5405749 33.9307015
-84.5405473 33.9298112
-84.5492399 33.9191775
-84.5490528 33.9185604
-84.5502643 33.9181419
-84.5506029 33.9177614
-84.5435892 33.9216634
-84.530141 33.9353239
-84.5295988 33.9355351
-84.5187133 33.9417759
-84.5187122 33.9417085
-84.5187131 33.9420084
-84.5048771 33.9218673
-84.5047203 33.9217646
-84.5503093 33.9503213
-84.5504506 33.9501121
-84.5509699 33.9455779
-84.5506983 33.9456503
-84.5506854 33.9456766
-84.5508629 33.9454029
-84.5360684 33.9570778
-84.5360762 33.9568387
-84.5361724 33.9573037
-84.5361841 33.9574717
-84.5364924 33.9574253
-84.5364901 33.9572327
-84.5277007 33.9527407
-84.5273163 33.9527509
-84.5268494 33.9535866
-84.526902 33.9527416
-84.5266154 33.9532791
-84.5270318 33.9538493
-84.5268338 33.9542323
-84.4919575 33.9231138
-84.4919576 33.9226428
-84.4919758 33.924
-84.4919548 33.9228462
-84.5021262 33.933287
-84.501972 33.9333992
-84.5045093 33.9360799
-84.5230948 33.9309769
-84.5177632 33.9335096
-84.5096636 33.9299124
-84.5092559 33.9297719
-84.5095088 33.930244
-84.5483139 33.9473472
-84.5481676 33.9476064
-84.5188018 33.941012
-84.5188145 33.941777
-84.5188154 33.941708
-84.5237878 33.9369437
-84.5167757 33.9498532
-84.5169339 33.9508695
-84.5501027 33.9648531
-84.5482646 33.9619564
-84.5480165 33.9618418
-84.54942 33.9433132
-84.5512502 33.9418094
-84.5512152 33.9429987
-84.5498416 33.9433171
-84.5498923 33.9417813
-84.549853 33.9429746
-84.5512328 33.9424021
-84.5498725 33.9423831
-84.5173718 33.9513998
-84.5155952 33.9479097
-84.5281199 33.9538894
-84.5273367 33.9536959
-84.5158389 33.9556506
-84.5154638 33.955528
-84.5168534 33.9539207
-84.5436111 33.9504578
-84.5463802 33.951407
-84.5061865 33.9372843
-84.5061012 33.9373618
-84.4982113 33.9320469
-84.5061044 33.9338514
-84.5469809 33.9451329
-84.5474286 33.9456777
-84.4924949 33.9632238
-84.4960387 33.9634303
-84.4920286 33.9642892
-84.4920884 33.9646909
-84.4917167 33.9647118
-84.4916957 33.9643957
-84.5048809 33.9303768
-84.518944 33.9477582
-84.5242797 33.9453287
-84.5115366 33.9209291
-84.5118531 33.9208304
-84.5397861 33.9469496
-84.5415309 33.9470163
-84.5408211 33.9467006
-84.5408477 33.9469761
-84.5408041 33.9478759
-84.5415178 33.9475911
-84.5407905 33.9476272
-84.5397763 33.9475289
-84.5462708 33.9467133
-84.5455467 33.9453423
-84.5401254 33.9475728
-84.540136 33.9474096
-84.5456183 33.9499323
-84.5040846 33.9554641
-84.5493437 33.9335077
-84.5279909 33.9507089
-84.5237899 33.9509347
-84.5252314 33.9489624
-84.5032782 33.9337516
-84.4993662 33.9322913
-84.5005958 33.9327852
-84.5146613 33.9619412
-84.5348407 33.9395107
-84.5351602 33.9397238
-84.5228936 33.9244731
-84.5228944 33.9257767
-84.4955371 33.9172596
-84.4955408 33.9169365
-84.5214433 33.9276736
-84.5223648 33.9238332
-84.521854 33.9231607
-84.5220368 33.9234225
-84.5006957 33.9289828
-84.5012041 33.9286898
-84.5185181 33.946461
-84.5184109 33.9467724
-84.5438413 33.9244801
-84.5276795 33.9523047
-84.524374 33.9631484
-84.542509 33.9434127
-84.5432947 33.9436671
-84.5430103 33.9438206
-84.5486323 33.9478269
-84.5482919 33.9476809
-84.5003197 33.9200968
-84.5003204 33.9201863
-84.5433571 33.9510561
-84.5479296 33.9258791
-84.5232809 33.9306486
-84.5229317 33.9307422
-84.5144925 33.9441678
-84.5142463 33.9441691
-84.5144794 33.9448479
-84.514243 33.9448462
-84.4993884 33.9319629
-84.5427938 33.9402014
-84.5427878 33.940715
-84.5434363 33.9407288
-84.5435145 33.9409592
-84.5433806 33.9405534
-84.5421302 33.9407129
-84.5421246 33.9403067
-84.542133 33.9409142
-84.5514068 33.9286847
-84.5511895 33.9285374
-84.5511131 33.9288458
-84.4999724 33.9500126
-84.5397825 33.9300945
-84.5401764 33.92999
-84.4967024 33.9607084
-84.4974376 33.923853
-84.5238453 33.9425063
-84.5224428 33.9429709
-84.5369099 33.9486185
-84.5374335 33.9486087