338
-84.50381 33.94093
-84.504534 33.9413865
-84.5041483 33.9413646
-84.5065502 33.9304129
-84.5062043 33.9304004
-84.5094451 33.9493025
-84.5074357 33.9434179
-84.5351739 33.9377575
-84.5039683 33.9412611
-84.5327648 33.9349597
-84.5327067 33.9359818
-84.5232834 33.9308634
-84.5232762 33.9304152
-84.5219027 33.9286589
-84.5099133 33.9363701
-84.5134468 33.9375706
-84.5100575 33.9398501
-84.5045815 33.9283717
-84.5047024 33.9283716
-84.5148707 33.9508263
-84.5265724 33.9459576
-84.5266783 33.9458196
-84.5046423 33.9303725
-84.5062375 33.9292537
-84.5100002 33.944342
-84.5053804 33.9407738
-84.5052472 33.940628
-84.5094584 33.9428075
-84.510033 33.9416065
-84.5332996 33.9462872
-84.53327 33.9472649
-84.5238192 33.9476073
-84.5211928 33.9477924
-84.5204663 33.9450329
-84.5205031 33.9423074
-84.5204845 33.9422015
-84.5064307 33.9494352
-84.5187496 33.9424526
-84.5187508 33.9422817
-84.5303607 33.9506165
-84.5304123 33.9490949
-84.530404 33.9487223
-84.5300809 33.9476707
-84.529906 33.9470777
-84.5303413 33.9461348
-84.5307275 33.9458155
-84.5332917 33.9452904
-84.5342433 33.9433481
-84.5351669 33.9389243
-84.5186538 33.9509077
-84.5197457 33.9509283
-84.5205645 33.9509913
-84.520774 33.9510004
-84.5226478 33.9510324
-84.5256212 33.9510176
-84.5273921 33.9508906
-84.5320497 33.9506873
-84.5330688 33.9506613
-84.5341014 33.9506104
-84.5347795 33.9506151
-84.5360012 33.9505762
-84.5342996 33.9506002
-84.5280161 33.9508164
-84.5237899 33.9510268
-84.5207262 33.9508941
-84.5205142 33.9508961
-84.5131708 33.9507945
-84.504951 33.9480976
-84.504751 33.9472288
-84.5146508 33.9441682
-84.5146634 33.9432872
-84.5287932 33.9464715
-84.5287959 33.9451712
-84.521232 33.9409937
-84.5269058 33.9453328
-84.5079224 33.9488393
-84.5081565 33.9479281
-84.50775 33.9466024
-84.5077138 33.9454338
-84.5066644 33.934812
-84.5220983 33.9418324
-84.5232743 33.9312673
-84.5145979 33.930748
-84.5093887 33.9300145
-84.5113543 33.9400796
-84.511396 33.9398919
-84.5359088 33.9476437
-84.5332479 33.9483336
-84.5134315 33.9467991
-84.5173065 33.9500596
-84.5165639 33.9480164
-84.5163748 33.9464278
-84.5163934 33.9455059
-84.5169737 33.9441149
-84.5157558 33.9418693
-84.5156439 33.9416591
-84.5262384 33.9473958
-84.5255131 33.9473359
-84.5247824 33.9467186
-84.5241526 33.9465394
-84.535708 33.9466422
-84.5262816 33.9414801
-84.526291 33.9410228
-84.5062125 33.9466616
-84.5049314 33.9466485
-84.5044325 33.9466463
-84.5078978 33.9394111
-84.5078054 33.9396348
-84.5050499 33.938938
-84.5060973 33.9372246
-84.5048552 33.9508253
-84.5048771 33.9500339
-84.5049081 33.94898
-84.5359726 33.9483984
-84.5343666 33.9483575
-84.5159031 33.9480676
-84.5119764 33.9495471
-84.511538 33.9499843
-84.507419 33.949733
-84.5122363 33.9454897
-84.5106427 33.9454764
-84.530139 33.945146
-84.535162 33.9395124
-84.5039054 33.9481048
-84.5038797 33.9484217
-84.5040314 33.9486544
-84.5040232 33.9493597
-84.503694 33.936742
-84.504611 33.937156
-84.514122 33.94642
-84.5354316 33.9452395
-84.5359593 33.9493136
-84.5343374 33.9493061
-84.5088778 33.9491336
-84.5062568 33.9493802
-84.5216222 33.9420091
-84.5115855 33.9394338
-84.5353018 33.9350767
-84.5302423 33.9338074
-84.5209414 33.9278966
-84.5278771 33.9347174
-84.5297272 33.9352171
-84.5347909 33.9364782
-84.5253525 33.9479797
-84.5350739 33.9415941
-84.5274924 33.9481214
-84.5358425 33.9473087
-84.5357865 33.947027
-84.5271222 33.9495321
-84.5065808 33.9247899
-84.5099965 33.9484926
-84.5091695 33.9480545
-84.534522 33.9463282
-84.5166004 33.9421944
-84.5170728 33.9423449
-84.5207284 33.9422191
-84.5238563 33.9409904
-84.5285009 33.9416509
-84.5324966 33.9428102
-84.5350612 33.9434627
-84.525504 33.9408388
-84.519844 33.9422568
-84.5183207 33.9422927
-84.5172306 33.9421819
-84.5101034 33.9484058
-84.5115012 33.9461285
-84.5087277 33.9454519
-84.5066036 33.9293369
-84.5069815 33.928273
-84.5066149 33.9282562
-84.5052133 33.9283888
-84.5069934 33.9454192
-84.5242766 33.945472
-84.5285043 33.9403591
-84.5198435 33.9494671
-84.5191124 33.9480659
-84.5151641 33.9407465
-84.5140648 33.9387031
-84.5126314 33.9360626
-84.508415 33.9282061
-84.530835 33.9464819
-84.5046106 33.9360164
-84.5353679 33.9448991
-84.5244869 33.938331
-84.510324 33.948599
-84.5170779 33.942593
-84.5310229 33.9477972
-84.5146422 33.9412692
-84.5253291 33.9342031
-84.5144107 33.9348745
-84.5120324 33.9349387
-84.5259993 33.9354446
-84.5157839 33.9366648
-84.5159823 33.9369518
-84.5240301 33.9370933
-84.5170723 33.9417048
-84.5187236 33.9410108
-84.518338 33.9417414
-84.5098881 33.9397731
-84.5112357 33.9403449
-84.512966 33.9407929
-84.5190511 33.9322368
-84.5189373 33.9316658
-84.5176959 33.933796
-84.5176767 33.9335111
-84.5156621 33.935198
-84.5157253 33.9325749
-84.5156181 33.9324804
-84.5165208 33.9324237
-84.5164292 33.9322796
-84.5195335 33.9330067
-84.5203562 33.9505748
-84.5355774 33.9342717
-84.5133887 33.9291335
-84.511706 33.9298431
-84.5229645 33.942972
-84.5173387 33.9424015
-84.5052342 33.938446
-84.5129647 33.9505424
-84.5347742 33.9505217
-84.504921 33.9403299
-84.5056262 33.9404355
-84.5141563 33.9508122
-84.5351494 33.9411806
-84.535192 33.9415942
-84.5351966 33.9434749
-84.5354654 33.9463595
-84.535026 33.9464385
-84.5047301 33.9480826
-84.5159336 33.9421997
-84.5203142 33.9509391
-84.5194182 33.9478975
-84.5040151 33.9480961
-84.5117186 33.9496784
-84.5112627 33.9498793
-84.5255883 33.9513488
-84.5060132 33.9373096
-84.5075613 33.9387483
-84.534437 33.9433825
-84.5350996 33.9437495
-84.5348714 33.9362696
-84.5342894 33.9363795
-84.5320829 33.9358203
-84.5298424 33.9349577
-84.5294154 33.9351371
-84.5067295 33.9376158
-84.5229251 33.9314287
-84.5234706 33.931548
-84.5329472 33.9344744
-84.5351842 33.9433516
-84.5350506 33.9433406
-84.5346914 33.9433
-84.53427 33.9432307
-84.5350435 33.9430545
-84.5268041 33.9411706
-84.5331005 33.9504238
-84.5334341 33.9506408
-84.5219667 33.950205
-84.5206051 33.9506836
-84.5256134 33.9509063
-84.5210924 33.9508993
-84.5227231 33.9509214
-84.5228311 33.9509228
-84.5211426 33.9510067
-84.520946 33.9513286
-84.5200477 33.9509341
-84.5335417 33.9451263
-84.5118262 33.9500975
-84.5137116 33.9506556
-84.5136757 33.9508027
-84.5121994 33.9408138
-84.5163002 33.9428748
-84.5077542 33.9394421
-84.5079437 33.9396
-84.5082002 33.941152
-84.5057052 33.9406107
-84.5073429 33.9344962
-84.5188157 33.9420503
-84.5192366 33.9422649
-84.5056626 33.9409727
-84.5187112 33.9509085
-84.517033 33.9508716
-84.5142704 33.933939
-84.523792 33.9371016
-84.5330929 33.9504746
-84.532857 33.9506726
-84.51875 33.9423903
-84.5162021 33.9426924
-84.5240303 33.9465464
-84.5238213 33.9454669
-84.5172003 33.9506075
-84.5358727 33.9505807
-84.535928 33.9504707
-84.5306456 33.9463487
-84.5313098 33.9459233
-84.514736 33.931531
-84.5275643 33.9462307
-84.530141 33.9353239
-84.5295988 33.9355351
-84.5187133 33.9417759
-84.5187122 33.9417085
-84.5187131 33.9420084
-84.5045093 33.9360799
-84.5230948 33.9309769
-84.5177632 33.9335096
-84.5096636 33.9299124
-84.5092559 33.9297719
-84.5095088 33.930244
-84.5188018 33.941012
-84.5188145 33.941777
-84.5188154 33.941708
-84.5237878 33.9369437
-84.5167757 33.9498532
-84.5169339 33.9508695
-84.5155952 33.9479097
-84.5061865 33.9372843
-84.5061012 33.9373618
-84.5061044 33.9338514
-84.5048809 33.9303768
-84.518944 33.9477582
-84.5242797 33.9453287
-84.5279909 33.9507089
-84.5237899 33.9509347
-84.5252314 33.9489624
-84.5348407 33.9395107
-84.5351602 33.9397238
-84.5228944 33.9257767
-84.5214433 33.9276736
-84.5185181 33.946461
-84.5184109 33.9467724
-84.5232809 33.9306486
-84.5229317 33.9307422
-84.5144925 33.9441678
-84.5142463 33.9441691
-84.5144794 33.9448479
-84.514243 33.9448462
-84.5238453 33.9425063
-84.5224428 33.9429709
