131
-84.5232834 33.9308634
-84.5232762 33.9304152
-84.5099133 33.9363701
-84.5134468 33.9375706
-84.5100575 33.9398501
-84.5265724 33.9459576
-84.5266783 33.9458196
-84.5094584 33.9428075
-84.510033 33.9416065
-84.5204663 33.9450329
-84.5205031 33.9423074
-84.5204845 33.9422015
-84.5187496 33.9424526
-84.5187508 33.9422817
-84.5146508 33.9441682
-84.5146634 33.9432872
-84.5287932 33.9464715
-84.5287959 33.9451712
-84.521232 33.9409937
-84.5269058 33.9453328
-84.5220983 33.9418324
-84.5232743 33.9312673
-84.5145979 33.930748
-84.5093887 33.9300145
-84.5113543 33.9400796
-84.511396 33.9398919
-84.5163748 33.9464278
-84.5163934 33.9455059
-84.5169737 33.9441149
-84.5157558 33.9418693
-84.5156439 33.9416591
-84.5247824 33.9467186
-84.5241526 33.9465394
-84.5262816 33.9414801
-84.526291 33.9410228
-84.5122363 33.9454897
-84.5106427 33.9454764
-84.514122 33.94642
-84.5216222 33.9420091
-84.5115855 33.9394338
-84.5302423 33.9338074
-84.5278771 33.9347174
-84.5297272 33.9352171
-84.5166004 33.9421944
-84.5170728 33.9423449
-84.5207284 33.9422191
-84.5238563 33.9409904
-84.5285009 33.9416509
-84.525504 33.9408388
-84.519844 33.9422568
-84.5183207 33.9422927
-84.5172306 33.9421819
-84.5115012 33.9461285
-84.5242766 33.945472
-84.5285043 33.9403591
-84.5151641 33.9407465
-84.5140648 33.9387031
-84.5126314 33.9360626
-84.5244869 33.938331
-84.5170779 33.942593
-84.5146422 33.9412692
-84.5253291 33.9342031
-84.5144107 33.9348745
-84.5120324 33.9349387
-84.5259993 33.9354446
-84.5157839 33.9366648
-84.5159823 33.9369518
-84.5240301 33.9370933
-84.5170723 33.9417048
-84.5187236 33.9410108
-84.518338 33.9417414
-84.5098881 33.9397731
-84.5112357 33.9403449
-84.512966 33.9407929
-84.5190511 33.9322368
-84.5189373 33.9316658
-84.5176959 33.933796
-84.5176767 33.9335111
-84.5156621 33.935198
-84.5157253 33.9325749
-84.5156181 33.9324804
-84.5165208 33.9324237
-84.5164292 33.9322796
-84.5195335 33.9330067
-84.5133887 33.9291335
-84.511706 33.9298431
-84.5229645 33.942972
-84.5173387 33.9424015
-84.5159336 33.9421997
-84.5298424 33.9349577
-84.5294154 33.9351371
-84.5229251 33.9314287
-84.5234706 33.931548
-84.5268041 33.9411706
-84.5121994 33.9408138
-84.5163002 33.9428748
-84.5188157 33.9420503
-84.5192366 33.9422649
-84.5142704 33.933939
-84.523792 33.9371016
-84.51875 33.9423903
-84.5162021 33.9426924
-84.5240303 33.9465464
-84.5238213 33.9454669
-84.514736 33.931531
-84.5275643 33.9462307
-84.530141 33.9353239
-84.5295988 33.9355351
-84.5187133 33.9417759
-84.5187122 33.9417085
-84.5187131 33.9420084
-84.5230948 33.9309769
-84.5177632 33.9335096
-84.5096636 33.9299124
-84.5092559 33.9297719
-84.5095088 33.930244
-84.5188018 33.941012
-84.5188145 33.941777
-84.5188154 33.941708
-84.5237878 33.9369437
-84.5242797 33.9453287
-84.5185181 33.946461
-84.5184109 33.9467724
-84.5232809 33.9306486
-84.5229317 33.9307422
-84.5144925 33.9441678
-84.5142463 33.9441691
-84.5144794 33.9448479
-84.514243 33.9448462
-84.5238453 33.9425063
-84.5224428 33.9429709
